%YAML:1.0
---
K: !!opencv-matrix
   rows: 3
   cols: 3
   dt: d
   data: [ 970.80577967495014, 0., 719.32052496030883, 0.,
       839.54500547588191, 539.79728530409125, 0., 0., 1. ]
D: !!opencv-matrix
   rows: 1
   cols: 5
   dt: d
   data: [ -0.00062557898298305553, -0.0086665389282352661,
       -0.00024333922342325643, 8.4944769956704465e-05,
       -0.022687710587753269 ]
